-1.64 0.02 25.01
22.81 -11.22 -0.95
30.42 2.41 -6.27
22.28 24.20 -10.56
-3.63 -6.46 19.86
8.00 9.68 28.55
7.16 7.09 28.50
-7.51 17.07 21.48
10.01 -1.10 -19.86
0.85 16.23 -19.74
30.98 14.83 -4.98
-5.32 23.36 -12.45
17.38 -14.68 3.75
30.29 -2.80 5.44
29.14 21.28 8.82
-14.55 13.52 13.79
24.57 19.05 -12.63
15.71 2.14 26.42
7.35 13.35 -21.51
5.93 5.20 28.24
6.21 31.91 -6.55
16.74 6.64 -20.26
11.92 14.12 27.66
8.55 2.27 -21.09
2.89 30.47 15.14
-1.35 -6.10 21.54
-10.08 22.68 -7.61
21.95 17.53 -15.75
-15.99 16.81 4.27
25.14 3.79 -14.49
7.38 1.91 -21.00
20.91 -11.60 10.79
6.05 6.84 28.43
4.49 13.53 -21.24
32.41 2.59 2.74
-1.44 3.30 26.13
-15.72 16.21 8.09
9.42 13.10 28.14
21.07 8.05 24.87
17.34 1.27 -18.90
12.94 6.49 -21.34
22.95 27.73 10.46
2.45 26.20 -14.09
-15.15 1.08 10.17
9.84 4.78 -21.56
8.78 9.81 -21.90
-16.43 12.47 8.88
-1.78 -6.97 -13.93
21.61 -12.43 4.98
-5.08 16.20 -17.01
